% Model:              cpw-sheet-shift-5bma.mph
% Version:            COMSOL 6.3.0.290
% Date:               Sep 24 2026, 10:59
% Dimension:          3
% Nodes:              610
% Expressions:        1
% Description:        Electric field norm
% Length unit:        µm
% x                       y                        z                        emw.normE (V/m) @ freq=7.5
822.9785864679368         10.838002301298705       0.9999999999999999       1045634.3831321485
865.3659038144866         10.838002301298705       0.9999999999999999       890773.4280236054
865.3659038144863         5.163226597170387        0.9999999999999999       1321366.597380802
822.9785864679368         -4.2947329097101425      0.9999999999999999       697438.8757662915
865.3659038144866         -4.2947329097101425      0.9999999999999999       681513.0441503789
822.9785864679365         5.163226597170387        0.9999999999999999       1228622.330924524
822.7238278677391         12.174244880599955       1                        224906.186361228
865.7903583380954         12.174244880599955       1                        230849.75959530528
843.0746118471333         77.04525136176636        1                        9550.000197651836
898.6556212023457         45.82112213045284        1                        27792.620528602416
866.9858722096768         11.814517682544828       1.0000000000000002       323132.62209941796
900                       11.814517682544881       1.0000000000000002       331521.0129668586
900                       45.61380022168665        1.0000000000000002       31664.90502977058
900                       -4.384422343867158       1                        918288.1126174396
867.5586257462766         5.101149928862067        1                        1211240.5764286765
867.5586257462768         -4.384422343867105       1                        738299.7155070312
867.5586257462768         10.79249329249957        1                        1116956.3603700723
900                       10.792493292499623       1                        1065357.342484401
900                       5.101149928862119        1                        1577681.1461465629
868.0542947950911         -5.573097509191448       1                        1413151.0528181784
900.0000000000001         -5.5730975091915         1                        1496898.47414763
900.0000000000001         -11.17748331272486       1                        1091339.0549683187
868.0542947950908         -11.177483312724807      1                        898791.3419765505
770.2459340035067         11.586262193117056       1                        843449.7177028054
819.6385663622174         11.586262193117056       1                        940544.3965947989
819.638566362217          5.852107164308947        1                        1386473.8246381436
770.2459340035102         5.852107164308947        1                        1293629.2584150024
805.0619568525789         43.84426058882513        1                        34385.38655342451
768.8212750358094         5.508148542729292        1                        1132573.0020578797
768.8212750358059         11.202241069665543       1                        1027125.9331193981
843.3580159138049         78.41414710478891        1                        5642.753808507559
900.0000000000001         46.593986738098835       1                        21747.369725855646
900.0000000000001         110.23430747147916       1                        925.3650928305884
719.3355670838707         11.202241069665543       1                        676827.3126201249
842.0912278585745         79.14845873839833        1                        8033.4189538291685
898.7890720073749         111.00000000000017       1                        628.0762985461015
718.027966737857          12.146260975005077       1                        186248.82567676785
768.6611182548805         12.146260975005077       1                        225605.80353808976
785.3933837097742         111.00000000000017       1                        6297.037979202195
806.3801877383265         46.061202336315105       1                        24617.99883161886
784.6011400820032         107.15551267325237       1                        19500.760326192765
783.2465635596346         109.24832053947122       1                        9034.260692616896
900                       111.00000000000017       0.9999999999999999       977.986346903144
666.4354480159473         11.136696099838575       1                        865419.5820016251
716.533430000625          11.136696099838575       1                        749206.0351848968
716.5334300006291         5.372176624363293        1                        1271479.240668475
666.4354480159512         5.372176624363293        1                        1277690.6539420397
666.4354480159473         -4.235355834762178       1                        640651.500215164
716.533430000625          -4.235355834762178       1                        663296.9995169173
767.8426925694893         5.311340501413994        1                        1076004.5747367307
717.9326882603765         11.054254856239169       1                        887783.1363820374
717.9326882603806         5.311340501413994        1                        1296256.8492549893
717.9326882603765         -4.260183423294631       1                        661642.8622962048
770.5118529266861         -4.879126498758259       1                        1312957.1120738906
819.250534526454          -4.879126498758259       1                        1155710.0677470446
819.2505345264537         4.551266350223674        1                        657820.5017887268
819.250534526454          -10.537362208147417      1                        1134004.5821740804
770.5118529266862         -10.537362208147417      1                        1068055.2936678373
770.5118529266895         4.551266350223674        1                        769412.3560701383
768.4107565494783         -10.58361161644678       0.9999999999999999       1119159.2389387214
718.4824781933688         -4.8385945511872865      0.9999999999999999       1289745.3967745274
718.482478193371          -10.58361161644678       0.9999999999999999       982534.1976788376
768.4107565494782         -4.8385945511872865      0.9999999999999999       1297692.4052662693
768.4107565494817         4.736433890911867        0.9999999999999999       741823.7586605573
817.9776582191813         -12.140850618542505      0.9999999999999998       391113.65804822283
790.4830988234042         -39.85835268359825       0.9999999999999998       38789.917588754346
769.548196186247          -12.140850618542505      0.9999999999999998       320052.5914731662
720.686091411957          -12.140850618542505      0.9999999999999998       231872.51623551256
806.0354065007393         43.98302552027695        1                        37164.989834631466
841.6674355314933         76.99707598470351        1                        17223.95918181055
820.9536576596665         -4.680492190044756       1                        656825.6036784265
820.9536576596662         5.100424838639777        1                        1024249.7792737331
820.9536576596665         10.968975055850494       1                        631988.5356712233
821.4722773832478         -5.475743410219772       1                        1281922.6183583962
864.1360232388816         -5.475743410219772       1                        1232523.2351495528
864.1360232388813         -11.187527113095747      1                        866723.8071140443
821.4722773832478         -11.187527113095747      1                        764144.3387113371
793.5403043209433         -39.34598966166898       1                        50711.445985089944
832.9939382847307         -41.03366686531284       1                        28331.297163678977
748.9566815964104         -55.77465899372196       0.9999999999999998       21224.393505449912
865.7158717029986         -5.26357591072546        1                        1054150.0450493572
865.7158717029982         -11.10050498503306       1                        711066.6148476521
793.2659931005121         -40.95353602997662       0.9999999999999999       31678.013503882736
833.1826618655973         -42.6610201107097        0.9999999999999999       27881.623968042455
864.6902358170854         -12.464600802435546      0.9999999999999999       126639.0933645132
897.6302276767261         -59.846474167094335      0.9999999999999999       17849.947737889033
898.9871028506176         -58.95884288748773       1                        38089.38429913965
900.0000000000001         -57.12914489823693       1                        72346.19380473062
900                       -59.70099991869447       0.9999999999999999       33699.70998344456
562.4731544654519         -4.7941968645516795      1                        850330.4531432797
612.3928923153063         -4.7941968645516795      1                        1349317.5846485738
612.3928923153085         -10.538206695808327      1                        867876.2571963395
612.3928923153104         4.779152854209398        1                        1328591.9941919304
562.4731544654557         4.779152854209398        1                        1221273.5440751172
611.4648656194387         -11.50692059406907       1                        523650.41347046604
561.5438082189389         -11.50692059406907       1                        834829.9706566615
561.5438082189368         -5.762758928844413       1                        1088137.104529531
592.1273275267532         -52.32537937685494       1                        12449.132172055091
562.4731544654519         10.523162685466044       1                        1080774.0384553615
612.3928923153063         10.523162685466044       1                        996859.8147944239
614.088013276418          -4.67624692755107        1                        1355052.451983678
664.5313605787971         -4.67624692755107        1                        1189987.4239052292
664.5313605787996         -10.480505830068592      1                        1080930.5539878604
664.5313605788012         4.997517909978134        1                        1280511.8285066236
614.0880132764222         4.997517909978134        1                        1285185.8089068502
614.0880132764202         -10.480505830068592      1                        821192.8839651595
614.088013276418          10.801776812495655       1                        893844.2780257786
664.5313605787971         10.801776812495655       1                        623687.9029883615
643.8587472145206         -60.315293465989924      1                        29718.515547875428
649.5775767677903         107.21202069109344       1                        40959.911487305944
650.3565716479656         109.24832053947122       1                        16338.158509105662
605.6009702812565         59.17060100014178        1                        20913.04492890671
647.5572745884742         107.53942518778784       1                        11857.75207788727
603.3982850199191         59.93952849952397        1                        19691.186137018372
611.906494865313          11.450071523982134       1                        281319.3762042475
561.3373408740579         11.450071523982134       1                        222746.75952784385
600.775631084301          59.378084532802596       1                        15173.921401933805
559.357906769512          11.630155855256994       1                        673798.6627991336
509.56208498342386        11.630155855256994       1                        1016929.8235039319
559.3579067695158         5.900404413951535        1                        1408938.0988573094
509.5620849834274         5.900404413951535        1                        1434822.4342935928
648.3355910667594         110.06503225355827       1                        17908.843608628868
665.6021386783383         11.66060491317516        1                        161431.8756978752
783.007951385277          110.06503225355827       1                        5690.607936312381
784.4772094272794         111.00000000000017       1                        4011.9521882790473
783.1408194069165         111.00000000000017       1                        1690.7318232918894
648.0409925692665         111.00000000000017       1                        2636.819922980923
716.7441495052619         -11.259866183813026      0.9999999999999999       791520.2317520835
746.1252675733085         -56.607701770728866      0.9999999999999999       24748.790787265916
665.9624223548597         -11.259866183813026      0.9999999999999999       753453.9832088479
699.5678986069046         -41.60158712668675       0.9999999999999999       29744.6329589803
665.9624223548572         -5.416671636649471       0.9999999999999999       1346061.2870707745
645.1511346927289         -61.428951378646         0.9999999999999999       21315.938061911605
716.7441495052598         -5.416671636649471       0.9999999999999999       1086614.0204009402
810.2782311531626         -113.46886584568028      0.9999999999999999       4180.836182973875
808.7857370899092         -114.46109920322337      1                        4406.50678446086
791.473233991595          -40.66587789111278       1                        30103.872512296664
748.0377159746862         -57.31390716166161       1                        21860.323684010393
716.9972002025092         -104.0054159774573       1                        4796.070726282786
715.2833174798079         -103.00052575781616      0.9999999999999999       4929.93791801673
899.2007291623422         -156.80913603900606      1                        1478.6777584517492
809.8871677216771         -116.08244927949528      1                        3127.046160502084
899.2007291623422         -61.2559202431625        1                        12790.625901692767
900                       -156.80834605863325      1                        1719.3212097337628
900.0000000000001         -157.72482170750723      1                        1278.7305766751685
900                       -60.6872858628661        1                        13230.270521390534
751.604841548784          -237.33291256871465      1                        418.95365125501155
752.1883019167316         -238.3663377915944       1                        330.1461492228725
900.0000000000001         -313.7365570833475       1                        131.83552721033033
458.5105087309561         -4.865755419154723       0.9999999999999999       1369013.0406326512
507.99824552831143        -4.865755419154723       0.9999999999999999       1368448.944088999
507.99824552831336        -10.56005709088271       0.9999999999999999       1102395.7471911255
507.9982455283149         4.624747367058589        0.9999999999999999       1347100.5943362496
458.5105087309595         4.624747367058589        0.9999999999999999       1402747.050655566
458.5105087309561         10.319049038786575       0.9999999999999999       1157636.884300453
507.99824552831143        10.319049038786575       0.9999999999999999       1089250.3051671844
559.8937387022156         -11.304506663761389      1                        1102894.3384638687
509.9669326136294         -11.304506663761389      1                        808552.3332371444
509.9669326136274         -5.559683526295381       1                        1339717.5560845595
559.8937387022135         -5.559683526295381       1                        1119373.0991793075
509.96693261363095        4.015021702814631        1                        813810.7256111801
559.8937387022171         4.015021702814631        1                        656080.6549649709
458.5105087309582         -10.56005709088271       0.9999999999999999       770817.420523895
543.4104531682347         -74.24046881347329       1                        19530.179840659763
545.0624206086305         -74.43563615133617       1                        18601.262002373085
493.6589457056212         -75.09736856527583       1                        31581.222008870154
491.8336752899074         -73.79190800741681       0.9999999999999999       60841.3946451746
455.95334577600414        4.775980586855822        0.9999999999999999       1346861.6855938209
405.5586558158366         4.775980586855822        0.9999999999999999       1314996.4910287634
405.5586558158333         -4.888452996675633       0.9999999999999999       1311356.8162028797
455.9533457760007         -4.888452996675633       0.9999999999999999       1311527.9915312435
405.5586558158333         10.574640736974695       0.9999999999999999       1059208.7290757876
455.9533457760007         10.574640736974695       0.9999999999999999       814303.0528393531
455.95334577600283        -10.687113146794504      0.9999999999999999       876197.5862081718
405.55865581583527        -10.687113146794504      0.9999999999999999       915814.3824562863
454.51215919740423        11.561177406885745       1                        171682.90739817062
404.3656300738555         11.561177406885745       1                        295372.6672951941
544.6166429816261         -76.35107380582737       0.9999999999999999       14047.356979489045
592.8126219090143         -53.709459504201874      0.9999999999999999       16968.1912809862
612.6148830723901         -11.910044437557097      0.9999999999999999       188995.19332141528
642.7854187610458         -62.414081121110975      0.9999999999999999       16729.384892647755
603.8509304336845         -139.49937162870145      0.9999999999999999       1824.8704685390169
713.3858356995062         -104.26320612080168      0.9999999999999999       4600.516063860338
560.6715256747956         -4.8461511384231155      1                        647103.8345025755
560.6715256747956         10.786523032070527       1                        939549.3622333356
560.6715256747993         4.924270218135412        1                        1057752.6355736263
403.6545463733326         10.426873600078487       1                        1007515.5215824748
403.65454637333585        4.717343679247238        1                        1376502.5437355775
403.65454637333454        -10.508069442969425      1                        928333.6914292449
403.6545463733326         -4.798539522138176       1                        1398609.5852750863
354.0344647114176         -4.798539522138176       1                        1349243.2491201407
455.8764361285047         -13.07888797532251       1.0000000000000002       105178.99850670676
438.2975746113018         -79.07221956103405       1.0000000000000002       7203.2892114881315
489.74290397861967        -77.34167171707253       1.0000000000000002       10611.64301820238
405.58185070074336        -13.07888797532251       1.0000000000000002       172330.806242814
354.0344647114197         -10.508069442969425      1                        762666.3974790213
351.57763081637466        -10.684971913218218      1                        881294.8483699796
301.00758150646243        -4.866134056398352       1                        1240208.9114251
301.0075815064645         -10.684971913218218      1                        896049.6112339833
351.57763081637256        -4.866134056398352       1                        1275157.4128621754
351.577630816376          4.83192903830142         1                        1253557.9567277704
354.034464711421          4.717343679247238        1                        1339766.6582634472
412.1565080879082         59.645390301362085       1                        13646.959954833568
301.00758150646567        4.83192903830142         1                        1119697.0538873482
354.0344647114176         10.426873600078487       1                        933418.2088989868
351.57763081637256        10.650766895121285       1                        923653.0014765249
354.2191009503066         11.561177406885745       1                        262153.9529329825
507.72600320220494        107.12601321034815       1                        14225.983156866441
383.34708291194846        -72.87797543454091       1                        50139.67455852257
384.9983405235776         -76.296610718858         1.0000000000000002       22920.21723634202
351.99993520131346        11.782361576652265       1                        191316.63854701305
410.5308923494397         60.359181691223924       1                        15000.461114337593
603.5911608315606         61.6369892914059         1                        11056.662017687548
507.39411302674824        111.00000000000016       1                        3625.7053779219677
646.4098469086806         111.00000000000016       1                        3961.410271886336
456.79055879099406        11.375548448192356       1                        213521.73981935045
413.51129054694684        60.50829682181731        1                        16454.467942168507
506.14126159607434        109.64104519544222       1                        4815.959110424752
508.03059473886367        11.375548448192356       1                        284296.37295811414
505.6243619231667         111.00000000000017       1                        627.6480186876273
412.617499616638          61.667341131916736       1                        10916.823178070195
750.8700115127308         -239.0072574177785       1                        400.96576884765295
900                       -315.0496822123991       1                        169.9032316072471
510.1006460086024         -940.9999999999999       1                        4.492433739136648E-4
900                       -940.9999999999999       1                        4.492433739136648E-4
629.9588554755384         -669.6680913307542       1                        2.771677167820767
900                       -562.1624657334669       1                        6.022177075018564
629.9588554755384         -667.5967970080533       1                        3.111457811283114
900                       -560.0911714107659       1                        7.61558664580084
749.8750179025557         -238.62334964433475      1                        541.7179783443651
715.582562640174          -105.49836812673146      1                        2883.619588716905
808.7631263160613         -116.11261789725091      1                        2375.7402947801165
604.4128169753069         -141.26044367892231      1                        1469.5751400429829
530.3066556025964         -254.00882976570537      1                        447.7305537678773
699.2501451208319         -427.27039093764307      1                        49.308796828127846
699.2501451208319         -425.842401611015        1                        119.04156660541511
698.2551515106568         -425.45849383757127      1                        142.90218660062345
900                       -316.47767153902714      1                        91.05658310559741
466.48562547983715        -151.2107404322584       1.0000000000000002       2424.739036977747
491.4050139428212         -77.27965756670888       0.9999999999999999       24726.519805415926
456.7830049022233         -11.583208514868922      0.9999999999999999       171536.68880735445
542.6411127451579         -76.3971878168215        0.9999999999999999       15042.804314079043
466.48131446060506        -153.55853084066788      1                        2105.846422744119
437.76304088889026        -80.06307040245825       1                        6092.831455246079
383.46123787197007        -77.23525181970344       1                        9705.545020040738
406.18201061152683        -129.53622172882413      1                        2388.9793554162125
363.5400583964613         -121.66586512770895      1                        2851.6149546402394
543.3035962378037         -77.47551194522717       1.0000000000000002       7925.114384696671
492.09619846529534        -78.35748736023726       1.0000000000000002       9197.238793700688
468.3333823427469         -153.83222947654914      1.0000000000000002       1724.7799390130704
528.3200288509796         -133.2597288426037       1.0000000000000002       2240.439616254539
529.4495146920499         -252.62437103367142      1.0000000000000002       299.24978977943755
602.8473263811633         -140.95369943285357      1.0000000000000002       1814.8762385837745
301.0550571889422         -13.683486172904926      0.9999999999999999       123193.8594282286
330.5010843166606         -77.10282641558472       0.9999999999999999       8132.38200310483
351.0252370699385         -13.683486172904926      0.9999999999999999       97905.23101312107
281.08494429963133        -81.48953583606797       0.9999999999999999       13379.852589985521
361.11741739128           -119.82245177881771      0.9999999999999999       2627.0476752062214
380.54467265336757        -76.49344772828411       0.9999999999999999       10974.428038005255
319.6194764909725         -133.0103717868486       0.9999999999999999       1525.2932913000768
299.00355752291915        3.989054565593618        1.0000000000000002       736865.9691985846
299.1983090619862         5.310472561066554        1                        1356653.1006122301
249.24014968810926        5.310472561066554        1                        1304019.294004698
249.39184127614337        3.989054565593618        1.0000000000000002       775503.8353659089
299.00355752291597        -5.525224359645305       1.0000000000000002       1307150.6783206784
299.00355752291796        -11.233791714788659      1.0000000000000002       853609.4659755969
249.3918412761404         -5.525224359645305       1.0000000000000002       1368730.656829027
249.39184127614234        -11.233791714788659      1.0000000000000002       780190.5623952012
279.17670125704024        -78.55343122208899       1.0000000000000002       30520.83705617436
197.6366274299052         -4.742006854015971       1                        1395387.4225029435
247.1552450701607         -4.742006854015971       1                        1393899.0324685962
247.15524507016264        -10.439861826960186      1                        1071149.1640583933
247.15524507016366        4.754418100891055        1                        1287686.0284536076
197.63662742990724        -10.439861826960186      1                        1030540.9460981775
144.75315522145436        -5.584904759168505       1                        1277632.3917085684
194.67686605021015        -11.329371740859816      1                        968906.7172911213
194.67686605020808        -5.584904759168505       1                        1324548.2950582309
352.18746256956314        -11.909334510690062      1                        160489.09584835675
382.4095924453933         -76.21445342997458       1                        21733.681205281115
144.75315522145635        -11.329371740859816      1                        765806.6832762291
196.06395399101137        -10.25651782778682       1                        1081648.4991907305
196.06395399100927        -4.478595461274101       1                        1220952.9442091086
301.00758150646243        10.650766895121285       1                        1048292.0901931807
301.33967109445126        11.782361576652265       1                        176319.41048972236
299.198309061983          11.058903361286998       1                        767043.0034618858
369.1621374189474         111.00000000000017       1                        2268.8070862481304
367.74132128384144        108.93600180579553       1                        5451.602177928978
249.2401496881063         11.058903361286998       1                        1034314.498109445
247.1552450701607         10.452273073835268       1                        975782.6758590402
197.6366274299083         4.754418100891055        1                        1280444.1558898827
196.06395399101243        5.151275149580431        1                        1157110.00111855
197.6366274299052         10.452273073835268       1                        1049112.1878330787
196.06395399100927        10.92919751609315        1                        768328.8085195746
298.7766001219658         12.03826461443875        0.9999999999999999       125615.20275301233
248.15655342871807        12.03826461443875        0.9999999999999999       228490.7614524686
197.53650673547008        12.03826461443875        0.9999999999999999       261831.2981882972
365.1255363613318         109.11477796313393       0.9999999999999999       4131.041432108387
194.70836641058762        -4.081493986275893       1                        722965.5525283715
194.70836641059074        5.545097314559703        1                        1227098.9983635056
194.70836641058762        11.32105209506106        1                        925833.79352554
144.5110030797938         -4.081493986275893       1                        662205.4132136744
144.51100307979675        5.545097314559703        1                        1091148.6992536907
171.09799304442137        -62.208079942189094      1                        13461.863958582
143.1408168410402         -12.296574194976241      1                        149781.31709658523
169.2642970029909         -62.747783395607264      1                        11183.763374381251
367.48989645136726        111.00000000000017       1                        2876.83599668998
92.89935399139839         -940.9999999999999       1                        0.029535469128054825
343.20133927939224        -697.9731855588162       1                        2.719012394503659
507.1006460086024         -940.9999999999999       1                        0.0017576755091413458
626.9588554755384         -669.6680913307542       1                        2.665974833654858
369.8274857379761         -208.7342491598986       1                        602.112913811717
628.6052130247953         -667.6657941975711       1                        3.028608207361307
697.8965026700888         -427.3393881271609       1                        68.50406501699784
399.10752180662206        -452.31898734509906      1                        23.20639350481971
344.8476968286491         -695.9708884256331       1                        3.4841349427640873
697.209453267228          -425.9188339997247       1                        115.87110066811225
529.2609573591676         -254.46916992785884      1                        308.27884503963946
398.4204724037613         -450.8984332176629       1                        41.47696261631001
369.688065731965          -210.591835150523        1                        473.24928942981325
467.5550037057136         -154.72360236792514      1                        1155.5684845212022
40.36930854669387         -5.6045849242526105      0.9999999999999999       1172803.071744106
90.5395428095418          -5.6045849242526105      0.9999999999999999       1197437.3288233397
90.53954280954451         4.016803703929306        0.9999999999999999       697707.2225980991
90.53954280954369         -11.37741810116176       0.9999999999999999       795189.9026230603
93.63658082296725         -12.296574194976241      1                        161503.31495407777
124.60556722018399        -69.25723878076438       1                        10475.478670006334
121.92516608962194        -69.10439493993587       0.9999999999999999       10649.752684615252
279.4888600755499         -82.53325484193266       1                        5848.37716572452
319.2001683005396         -135.6274454315959       1                        2114.9902112163536
361.9653824625223         -122.03678981691317      1                        2625.423256431126
368.28416604554684        -209.53939553140367      1                        653.7058096847313
257.080907257111          -176.0177418313693       1                        1092.3765283871924
369.10955225794385        -210.21046231228362      1                        680.5895885175341
196.3295586332331         -12.004525987374231      0.9999999999999999       177867.5865008896
221.81264290761422        -83.5772994187798        0.9999999999999999       6720.207612968804
172.18076927309497        -64.11300491968746       0.9999999999999999       13153.82927211995
247.45995729919312        -12.004525987374231      0.9999999999999999       204577.31443658538
278.15657253939025        -81.38491163933581       0.9999999999999999       13150.624075690821
255.9077852413022         -174.2053706768678       0.9999999999999999       1009.0526612190482
142.8787799417564         -5.040293112775412       1                        1033195.120836515
142.87877994175938        4.673503311525478        1                        667896.8168090134
142.8787799417584         -10.868570967355947      1                        1017845.8338071357
92.22668999693101         -5.040293112775412       1                        1153610.7454528462
92.22668999693292         -10.868570967355947      1                        904153.5535027159
92.22668999693376         4.673503311525478        1                        661622.1113312321
170.3928598947917         -64.22258756671866       0.9999999999999999       12643.878193197614
124.29460742636336        -70.9418677441067        0.9999999999999999       11320.301804687762
65.52751424514041         -68.13604383369375       0.9999999999999999       8605.117257899445
40.36930854669568         -11.37741810116176       0.9999999999999999       889783.470159462
187.7668705095707         60.377544892481644       1                        21995.498743837165
186.90959067929384        59.454008599239145       1                        21415.804308268143
188.26252159729037        59.07855057036592        1                        25534.995088248903
189.67206196241006        60.57652128878637        0.9999999999999999       19347.10381629513
232.57241534255           111.00000000000017       1                        4058.503856689357
232.42766388259784        109.11477796313393       0.9999999999999999       6347.579594670843
144.5110030797938         11.32105209506106        1                        1086331.2678465908
142.79254364984595        5.77181699891178         1                        1329261.0153108304
142.79254364984303        11.486841324329788       1                        778370.9176892436
93.12471150618211         5.77181699891178         1                        1222220.3944412107
93.12471150617942         11.486841324329788       1                        1077375.2840505445
184.74386922332275        59.112044036146614       1                        17230.194757056946
-10.809682024023841       -4.6415409271588635      0.9999999999999999       586802.8878209263
38.53557238225362         -4.6415409271588635      0.9999999999999999       572497.7570178013
38.53557238225611         4.8216373213604244       0.9999999999999999       641018.3911022258
-10.809682024021381       4.8216373213604244       0.9999999999999999       674554.7704981762
186.72410987431942        60.763030478337946       1                        13606.490707884921
91.10109067785348         5.833129566497805        0.9999999999999999       1186956.8767252048
41.17529554290111         11.577836378680955       0.9999999999999999       882456.1427274813
41.17529554290363         5.833129566497805        0.9999999999999999       1407118.9401242884
91.10109067785079         11.577836378680955       0.9999999999999999       992550.7001876145
187.41281894131026        61.688835809301416       1                        13372.003961533459
230.849247251946          111.00000000000017       1                        2624.5138427182537
63.91946351128516         -68.3169928034234        1                        11921.979896237777
38.613128844958055        -11.224178029393059      1                        838918.1516031314
38.613128844956236        -5.417354995238026       1                        1042556.8995746274
-11.852502677491852       -5.417354995238026       1                        1154296.6688221078
39.54441475504632         5.177575794976278        1                        984373.5533805615
90.48867791624362         5.177575794976278        1                        725036.2275111026
39.54441475504374         -4.592252101028151       1                        568986.1815348287
39.54441475504374         11.039472532578934       1                        1080783.2379077289
38.233633769941996        5.747634082852677        1                        1324530.2396838833
38.23363376993947         11.491667808399145       1                        600645.8986173164
-11.686311739147161       5.747634082852677        1                        1214080.3091648212
-11.68631173914965        11.491667808399145       1                        907144.0542783145
-12.87291998383936        -4.581552118552497       1                        581481.0239482366
-12.872919983836844       5.088137224203595        1                        1026729.1766689435
-12.87291998383936        10.88995082985725        1                        916675.2844103999
-11.852502677489953       -11.224178029393059      1                        727002.152589901
160.07468628934274        -147.00406587525922      0.9999999999999999       1382.7895966231415
158.29398667556396        -147.0642828412955       0.9999999999999999       1621.0952525207258
98.45581740697725         -116.74360099712082      0.9999999999999999       3601.4479791399804
89.89935399139839         -940.9999999999999       1                        0.026442913796486393
-300                      -940.9999999999999       1                        9.466057190760623E-4
-81.62689168268967        -706.1412788212153       1                        5.534568057133335
215.85711827754295        -305.7419545678343       1                        263.36338209630503
92.28789384526826         -939.4108121049499       1                        0.07040153296019644
342.5898791332621         -696.3839976637662       1                        3.212714088933809
396.8497041112351         -452.7320965832322       1                        20.76896958153246
141.8627773111977         -591.5002350781667       1                        10.744409972618792
-79.2383518288198         -704.5520909261653       1                        5.574305114317037
368.82279473205983        -211.144626880741        1                        468.23051502492524
397.55520140385613        -451.4512249478809       1                        33.15027830885889
142.56827460381876        -590.2193634428155       1                        17.310813890866598
215.2485194359711         -308.0712452335128       1                        174.76937731631767
157.03360007780933        -147.93896139737035      1                        1572.5722622843691
97.10834294311918         -117.57415113962813      1                        3229.2265949024472
122.9847384760594         -71.70575850746525       1                        8368.49399114995
65.45836985020586         -70.71802726555916       1                        7843.541516781519
214.82114167177343        -307.14582284836706      1                        324.85194078167183
256.3551975378412         -176.44525329013297      1                        1052.200262091416
159.11007995699924        -148.84316056107738      1                        1214.6222613972532
44.52207643303681         -113.58218848529964      1                        3125.947888047406
-13.912148569616319       -5.486282891727027       1                        1040230.3475909058
-64.00055138082332        -5.486282891727027       1                        1373223.290123757
-13.912148569614434       -11.249700140528837      1                        873623.2784313039
-64.00055138082156        -11.249700140528837      1                        787659.9853206738
-13.278885185465617       -12.151331773380072      1                        127525.41389475277
11.184841059589477        -68.46324589940384       1                        6926.89039650492
11.983197212350554        -70.8663341878954        1                        7434.263646690442
9.612592883335253         -69.02797874184124       1                        8655.077632486753
10.439766124501308        -70.07966122251129       1                        8966.92828431806
94.44648055029525         111.00000000000017       1                        977.6787667483626
94.95607402698495         106.73724674796338       1                        35253.80751940876
89.99423777569005         107.22556323417376       1                        20417.26958199773
92.94196486312015         107.32294991506694       0.9999999999999999       23766.903560716135
93.8959312082753          110.00091204867657       1                        12589.349489508753
-64.29079578877204        -4.155912911189401       1                        715005.2956762373
-14.031357784669556       5.482582750162366        1                        1200130.938186113
-14.031357784672062       -4.155912911189401       1                        635539.9671453733
-14.031357784672062       11.265680146973425       1                        749688.3369384131
-3.287330574950903        59.35861552128648        1                        12494.176392062018
-65.87035518291968        -10.080286401848474      1                        948047.8825234553
-65.87035518292143        -4.367812818570446       1                        1312225.628828661
-115.51601947125558       -4.367812818570446       1                        1072416.421723273
-5.575257345964782        59.458158453732366       1                        16323.315493523958
-64.29079578877204        11.265680146973425       1                        856636.5527890589
-65.87035518291916        5.1529764868929355       1                        1280967.0381873643
-64.29079578876974        5.482582750162366        1                        1236869.3816456334
-65.87035518292143        10.865450070170963       1                        871569.4833265416
92.67970968332361         111.00000000000017       1                        7238.904275412149
-3.5184970153227066       61.636394611112145       1                        9454.617999061376
-13.22153495906254        12.08868297714521        0.9999999999999999       160323.62603678886
-4.66474538810777         60.8550024837262         0.9999999999999999       17486.24639067331
-115.51601947125349       5.1529764868929355       1                        1454962.6034070905
-46.21545081361638        -70.30661857397195       1                        21566.31375966637
-46.81081928275341        -69.33807681832056       1                        34980.56494246576
-46.67852091602011        -71.38785173245519       1                        9273.266318934408
65.05821270973722         -209.09197356639942      1                        664.4681083913656
64.26776975446239         -207.3639502680455       1                        580.0917722347828
-29.498042531021945       -130.23165321947135      1                        2194.3693977826347
-300                      -562.162465733468        1                        10.564265746423313
-119.92294973983309       -483.5972912163874       1                        20.244485144026065
-81.62689168268967        -704.0699844985144       1                        5.663713234139268
-300                      -560.0911714107671       1                        11.159273103390738
-122.31148959370296       -483.1151847887365       1                        28.570513004483114
-66.88795871446577        -11.021324209727881      1                        542609.5665914413
-116.88019662556592       -5.26897216590185        1                        1133830.8889126028
-118.14504638750054       -10.63874530948726       0.9999999999999999       917040.1976116182
-116.88019662556414       -11.021324209727881      1                        668826.4377541337
-118.14504638750233       -4.869161582692417       0.9999999999999999       1256497.8486884274
-116.88019662556381       4.318281240474867        1                        1503007.7412069035
-118.14504638750022       4.746811295298988        0.9999999999999999       1355549.842956404
-97.8596004572678         -44.546916944108375      1                        21789.38406160561
141.16457804676767        -589.9843757340634       1                        14.884263078870385
23.57630998132811         -348.4042905250265       1                        66.98965787123257
213.84482287892           -307.83625752476064      1                        176.17986942115382
64.08189391688381         -209.78240824279303      1                        448.6284197922667
-120.6211490042631        -482.081431872284        1                        34.83820328542787
10.8827307899235          -71.10753394113365       1                        7184.636004829943
43.67775384279244         -114.15964452261231      1                        2761.6747496496446
-29.266916926226674       -131.57858554372666      1                        1999.57097017035
63.57888391181316         -208.67964992121713      1                        671.0433566404251
-65.81648064796265        -12.288955268885166      1                        225495.1429749838
-96.97040274189742        -46.01185936526266       1                        24678.72352449821
-48.558777043805506       -70.60702455773848       1                        17258.18030747337
-30.662297148763457       -130.79739482744188      1                        2182.9139202815795
-47.795010059843165       -72.1171919319321        1                        7491.914523482082
-119.28181622185546       -11.327221208395414      0.9999999999999999       246557.31862322293
-168.2868264793719        -10.63874530948726       0.9999999999999999       1265930.3460699462
-169.35810011368622       -11.327221208395414      0.9999999999999999       770493.5716157994
-168.28682647937148       -4.869161582692417       0.9999999999999999       1118880.2799593422
-169.35810011368582       -5.565173827722082       0.9999999999999999       1389806.0637098388
-169.97954845302263       -5.234140069170266       0.9999999999999999       1091526.9712736798
-169.97954845302303       -10.96940898698537       0.9999999999999999       1102136.7652887446
-49.1646879395175         106.07334312480494       1                        68890.03725528847
-47.37859491135768        107.65063676049127       1                        40518.97577470064
-46.337698932712456       111.00000000000017       1                        993.156530957684
-48.56164429281276        109.97198858285593       1                        24536.16879032321
-46.96584688322426        109.62132199030712       0.9999999999999999       10754.570685679219
-117.1394172983738        11.569362327867946       1                        169950.1608316964
-115.51601947125558       10.865450070170963       1                        905016.9329136218
-116.88019662556592       10.070633284300898       1                        1097564.3809733111
-118.14504638750233       10.51639502209383        0.9999999999999999       837505.2975432773
-47.90928290411556        111.00000000000017       1                        2957.108085516332
-49.76886422080604        110.0025570947449        0.9999999999999999       3274.791213577475
-117.6149642752639        12.64981240914607        0.9999999999999999       41280.531894961925
-168.2868264793719        4.746811295298988        0.9999999999999999       1050050.3506981297
-169.97954845302303       4.324641460521574        0.9999999999999999       536906.4526924706
-168.28682647937148       10.51639502209383        0.9999999999999999       1054117.3892755744
-169.45501652535606       10.96651861131909        0.9999999999999999       864929.013826115
-169.45501652535646       5.0975180852582795       0.9999999999999999       1080961.065092852
-118.86311608347654       11.744537025088741       1                        145856.74860941706
-169.4836291768039        11.744537025088741       1                        227705.5189438618
-170.7966063463496        10.806078426440349       1                        868073.8223989066
-170.79660634635002       5.032273456368768        1                        1118222.2928780087
-147.32842190824994       -49.58970926656318       1                        29986.89281795009
-146.73036775637183       -51.08433051336254       1                        20346.649383348253
-149.78136065160825       -49.960611585130046      0.9999999999999999       31406.790842321887
-108.70109947171132       -107.19841003781227      1                        3588.998670955202
-108.98493336794787       -109.34595166177105      1                        3628.3487737431956
-124.0006162786985        -245.37470826131545      1                        207.03022277482088
-124.03061548832262       -242.37586539039086      1                        772.0412910305996
-123.39217040469654       -244.0616205951122       1                        496.13569950972743
-300                      -316.4776715390281       1                        80.65371956386214
-122.31148959370296       -481.68719546210843      1                        51.72948519817046
-300                      -315.04968221240006      1                        157.24786402049324
-125.69095686813836       -244.98047185113987      1                        233.8920023175483
-118.22191441604495       -11.538411889011975      1                        264019.1945408447
-149.21347944977944       -50.79503859344987       1                        33683.90350806949
-125.25080521874996       -243.77359344589203      1                        446.97816043944897
-110.1137375015124        -109.93567261135084      1                        3129.9054316536194
-148.829484056918         -51.737171980371095      1                        18722.016031720876
-110.10646353731512       -108.87491748204718      1                        3933.9930331997202
-127.47602435552442       -244.29074070730417      1                        257.5950054560991
-300                      -313.64238491688695      1                        157.51121103109742
-203.77053390816135       -38.31523165727715       0.9999999999999999       55838.689841178115
-203.30685858032933       -38.800723871935546      0.9999999999999999       55395.89797346867
-151.58799938859747       -50.38336863692867       1                        35780.22604252355
-204.49967786805908       -39.35146023069985       1                        43150.54014015479
-219.38177558375008       -10.96940898698537       0.9999999999999999       745312.8873268412
-220.0039473581501        -12.193018069663028      1                        166072.33576538583
-221.0267780347419        -11.001117166787912      1                        712072.4159281123
-219.38177558375028       -5.234140069170266       0.9999999999999999       1174529.2476311678
-221.0267780347421        -5.215765248788213       1                        1000993.6211392812
-220.53077376332652       -4.59073482708387        1                        635543.2751052406
-220.53077376332612       5.032273456368768        1                        1098910.2310350433
-221.0267780347417        4.426487947877953        1                        641498.601251883
-183.0019337548155        110.0025570947449        0.9999999999999999       5382.64234368823
-184.62068733234068       111.00000000000017       1                        6247.407997447709
-184.06543384233328       108.8223591693365        1                        15313.232430756854
-182.9582428454758        111.00000000000017       1                        123.29457120130732
-219.65592994578185       11.744537025088741       1                        204730.818600746
-220.53077376332652       10.806078426440349       1                        949297.8552928818
-185.62358366456922       108.56231368557647       0.9999999999999999       10449.931638193051
-221.20669209811493       11.50464239572555        0.9999999999999999       278388.79672283254
-222.34522553325837       10.477090492236243       1                        998272.2571104437
-222.34522553325797       4.842249047770384        1                        1179111.4665615151
-298.948775849132         111.00000000000017       1                        329.8519177033779
-299.2370221771764        109.02007700134779       1                        997.4613145248037
-186.55527814007402       109.02007700134779       1                        5330.940044373089
-300                      111.00000000000017       1                        680.0361265963512
-300                      109.52387329003348       0.9999999999999999       1277.3245530855188
-215.29924668676003       -92.94041656033218       1                        10632.213676092837
-214.70354735719138       -94.54028102136039       1                        8971.713348058658
-215.28831770717622       -96.74883064916169       1                        3871.5208796845814
-214.73073772354653       -95.75707316638922       1                        5212.702121935747
-300                      -157.85116272328102      1                        1318.870335746081
-298.18032415139214       -157.1308263656727       1                        1072.5631306318655
-298.60957694133697       -155.15027734283836      1                        1358.7652385686954
-299.99999999999994       -156.71262943689413      1                        2098.3841103728882
-216.63086076299564       -95.43356035810817       1                        6601.97417311789
-238.30122508003154       -38.594241287063866      1                        55901.134465595256
-238.9588394922778        -40.33353612017909       1                        30349.08797574589
-237.0115076912834        -39.359834004485975      1                        39799.08510173108
-222.4954497132809        3.9713253397571946       1                        673413.0626925799
-222.49544971328132       -5.566929059142375       1                        1195018.656600165
-222.49544971328112       -11.289881698482118      1                        1016293.8131777684
-239.5835791325812        -38.585393665602275      1                        45415.95474953603
-265.2426211136407        -11.289881698482118      1                        843800.3012973344
-264.43425688128303       -4.549153359672715       1                        710660.2869032519
-265.2426211136407        -5.566929059142375       1                        1185996.9415518926
-265.46528770744226       -4.893241110901354       1                        730691.7254972453
-264.434256881283         4.842249047770384        1                        1325742.6167342653
-265.4652877074422        4.723314638557882        1                        1263010.4177182228
-264.43425688128303       10.477090492236243       1                        902250.5111320331
-264.7045978661311        11.50464239572555        0.9999999999999999       257121.6305753821
-265.46528770744226       10.493248088233425       1                        966086.7275769402
-297.8990551743246        45.48854311903839        0.9999999999999999       26583.182048033483
-300                      46.10192710391604        0.9999999999999999       23521.911070363683
-299.2370221771764        45.71807189851434        1                        27555.18910928335
-265.9224496213409        11.611199300309211       1                        116267.9608619812
-266.1953752180347        11.232654003207848       0.9999999999999999       369425.8721864081
-299.45392840296876       44.757065206089          1                        83663.48827822371
-266.96005790337676       11.490412917673725       1                        348221.5770641802
-300                      45.30670869801275        1                        68123.25742663957
-298.60957694133697       -60.423293361810494      1                        15507.652990423156
-299.99999999999994       -60.705429794141814      1                        11408.601767727436
-300                      -60.00908140893382       1                        16673.50532108241
-299.99999999999994       -59.269439136592695      0.9999999999999999       35486.22350627562
-298.99760871306444       -58.320832493034764      1                        24255.192161505078
-298.99760871306444       -11.918521516582764      1                        448928.84211501735
-266.7386109721073        -11.918521516582752      1                        343809.20187504997
-241.36474157620233       -38.91067329915178       1                        34417.05680786483
-267.27470605951413       -10.249980919858032      1                        1073758.065847378
-267.27470605951413       10.057707308509194       1                        994992.2895326077
-267.2747060595141        4.519246882590859        1                        1245875.721945457
-298.8446283057478        -10.249980919858045      1                        1126427.6857318752
-267.27470605951413       -4.711520493939699       1                        1300967.9742161275
-298.8446283057478        -4.711520493939712       1                        1152410.3254851114
-298.8446283057478        4.519246882590872        1                        1408250.1239238689
-298.8446283057478        10.057707308509206       1                        1328938.707218896
-300                      43.388304310657304       1                        135723.8386928397
-300                      11.170104482346058       1                        922541.0416888216
-268.5302264900369        11.170104482346048       1                        489829.06792096805
-300                      5.64921362179485         1                        1431803.8194235899
-300                      -57.14150702607003       1.0000000000000002       41919.63629659875
-300                      -5.564166857095489       1.0000000000000002       1381120.9301754632
-300                      -11.170867286353563      1.0000000000000002       771996.3041826575
-300                      -4.377482989330951       1                        795808.247674227
-300                      4.6130957859130595       1                        875927.2049891958
