% Model:              qubit-exact-solved.mph
% Version:            COMSOL 6.3.0.290
% Date:               Sep 24 2026, 10:46
% Dimension:          3
% Nodes:              258
% Expressions:        2
% Description:        Electric potential, Electric field norm
% Length unit:        µm
% x                       y                        z                        V (V)                    es.normE (V/m)
-557.5                    -498.5861890124845       0.9999999999999999       7.801967826018687E-4     735.4491850267872
-458.499988712976         -399.5861777254605       0.9999999999999999       7.801967826018687E-4     1211.2195178969541
-557.5                    -300.58616643843646      0.9999999999999999       7.801967826018687E-4     1082.3921050454592
-458.499988712976         -201.5861551514125       0.9999999999999999       7.801967826018687E-4     1703.5400735297796
-458.49996373512096       -199.93092819969684      1                        0.001209738696460747     2098.382698653498
-557.5                    -298.93096446457577      1                        0.001209738696460747     1097.7208883686244
-557.5                    -100.93089193481798      1                        0.001209738696460747     1867.3339757086371
-457.39761926810445       -200.75673879531215      1                        7.016605026666044E-4     2703.065544760915
-457.39761926810445       -399.75673879531223      1                        7.016605026666044E-4     1484.0632208003633
-275.31261926810464       -399.75673879531223      1                        7.016605026666044E-4     3127.557926169559
-276.00182243179347       -401.00174044113567      1                        7.631142225475314E-4     1913.1067187998367
-457.16863742451494       -401.00174044113567      1                        7.631142225475314E-4     1196.0300743244852
-372.1951313031565        -500                     1                        7.631142225475314E-4     968.6742801190932
-556.1668969833793        -500                     1                        7.631142225475314E-4     738.3094459303217
-557.5                    -500                     1                        4.2719182857689486E-4    843.8934473572206
-557.5                    -98.99997585694241       0.9999999999999999       0.0015371277073270918    1890.9196661653452
-458.49998792718935       3.621586819561944E-5     0.9999999999999999       0.0015371277073270918    3215.270994601653
-557.5                    99.0000482886789         0.9999999999999999       0.0015371277073270918    1999.5670673651302
-186.38110302308988       -500                     0.9999999999999999       0.001064271860012278     1313.4975576154322
-274.14138290755466       -401.02224073180685      0.9999999999999999       0.001064271860012278     1867.1506836201704
-370.3147723298155        -500                     0.9999999999999999       0.001064271860012278     1020.5515207985538
-93.01208344676118        -401.02224073180685      0.9999999999999999       0.001064271860012278     2251.7761903351757
-258.3139284642273        -199.9404520772008       1                        0.9963748308548407       8059.508260798895
-357.8139284642273        -100.44045207720345      1                        0.4279149181362766       3896.2949434586712
-457.3139284642273        -199.9404520772007       1                        0.0013748308548407462    3137.864804813258
-556.3139284642273        -99.94045207720083       0.9999999999999999       0.002366916870819698     1752.0324322558845
-457.31392846422733       -198.9404520772007       0.9999999999999999       0.002366916870819698     3620.7282263500724
-358.31392846422733       -99.94045207720342       0.9999999999999999       0.42676358662822816      3743.986780421311
-457.31392846422733       -0.9404520772008378      0.9999999999999999       0.002366916870819698     4721.159503931566
-274.4525145059728        -399.5732660932435       1                        0.0013001091829966673    2997.10608302342
-257.5375145059726        -200.57326609324352      1                        0.9963001091829967       8351.297761518012
-130.63540160059057       -200.57326609324352      1                        0.9963001091829968       7215.128542398731
-456.5375145059726        -200.5732660932434       1                        0.0013001091829966673    3170.9859230118936
-92.36751450597275        -399.5732660932435       1                        0.0013001091829966673    3143.7999336859375
-256.2737550319399        -199.48493783308825      1                        0.9963324241403093       6123.178000190993
-130.13393417496624       -199.48493783308825      1                        0.9963324241403093       5807.041702192393
-149.4232322825226        -109.85939647071567      1                        0.9963324241403093       4163.701039420068
-87.57118165302802        -123.29824554283306      1                        0.9963324241403093       5066.190584314588
-556.8280373983915        99.57865723351742        1                        0.001498769450087725     1980.3046131091078
-457.32803739839153       0.07865723351732423      1                        0.0014987694500877247    4514.946802583454
-557.5                    100.93110931289685       0.9999999999999999       0.0012612943060185092    1955.140962132609
-456.32803739839153       0.07865723351729781      1                        0.00458985596235484      5310.013725478209
-357.32803739839153       -98.92134276648528       1                        0.42898652571976326      3525.6350782393574
-357.82803739839153       99.57865723351458        1                        0.4284794256305719       3500.5391633440736
-357.32803739839153       99.07865723351458        1                        0.4294248807047461       4020.224015556584
-458.4999638297643        199.93114548313227       0.9999999999999999       0.0012612943060185092    2601.051747004679
-557.5                    298.93118165336807       0.9999999999999999       0.0012612943060185092    1233.4446982084003
-457.32803739839153       199.0786572335172        1                        0.001498769450087725     3542.485313697284
-557.5                    300.5862327851415        0.9999999999999999       8.02412929729839E-4      1230.0012808601653
-458.4999892808647        399.58624350427664       0.9999999999999999       8.024129297298391E-4     1182.4669532656176
-557.5                    498.58625422341186       0.9999999999999999       8.02412929729839E-4      703.8793285895744
-91.07418275859693        -401.03019531997927      1                        9.672485980478318E-4     1898.9208593900998
-184.43569850674962       -500.00000000000006      1                        9.672485980478318E-4     1400.7881432667741
-0.5168114763779218       -500.00000000000006      1                        9.672485980478318E-4     1037.5387836978173
-258.32803739839153       0.07865723351200847      1                        0.9945898559623548       7339.893797476079
92.11371285042706         -400.9992001566909       1                        4.5167218105492937E-4    955.8534922344936
90.040559805841           -401.03019531997927      1                        9.672485980478318E-4     1254.7411427022782
1.5279809937993376        -500                     1                        4.5167218105492937E-4    1036.6246144095514
185.504467369282          -500                     1                        4.516721810549293E-4     452.9735843187777
-127.87193413086447       -199.07478277818862      1                        0.9910481336128383       5760.988870350267
-85.54013119033151        -123.30148679457538      1                        0.9910481336128383       5378.484950968217
-7.413165508246926        -199.07478277818862      1                        0.9910481336128383       45347.70932276775
-7.413165508246926        -69.43325700479795       1                        0.9910481336128383       42244.782974901624
7.34168305384996          -72.52649312416413       1                        0.007391562806379139     47256.353178711324
7.34168305384996          -199.07478277818862      1                        0.007391562806379139     33212.41233735947
-7.144873044846981        -67.87326255713545       1                        0.9842042921862866       53392.40463457096
7.463018130918171         -70.93569023455146       1                        0.010344880468609699     39098.203669789415
7.463018130918171         -2.2846999187324313      1                        0.010344880468609699     54156.26927126071
-129.58663099866226       -200.58516953974532      1                        0.9962540554183544       7143.42264666881
-91.31874390404444        -399.58516953974527      1                        0.001254055418354291     2917.70070846705
90.76625609595563         -399.58516953974527      1                        0.001254055418354291     9833.486612169407
-7.738743904044357        -200.58516953974532      1                        0.9962540554183544       36952.98283158161
7.186256095955642         -200.58516953974532      1                        0.001254055418354291     41698.508181014586
-7.144873044846981        -0.6186687712621546      1                        0.9842042921862866       48899.27738865374
-98.49898049369807        -27.238274791594684      0.9999999999999999       0.9948590719894913       4354.832219068469
-53.414811415248536       30.027007253489625       0.9999999999999999       0.9948590719894912       7554.361202843409
-8.33827552833017         0.032558526463529414     0.9999999999999999       0.9948590719894913       24599.642186859754
-86.47794193597703        -121.78665582145918      0.9999999999999999       0.9948590719894913       5657.752840435882
-148.0043778321191        -108.4185543997858       0.9999999999999999       0.9948590719894912       3850.777023947503
-8.33827552833017         -67.90966893229728       0.9999999999999999       0.9948590719894913       22028.807170244494
-257.64325377931976       -199.48228336342794      1                        0.997405638174966        6991.921017372384
-357.14325377931976       -99.98228336343055       1                        0.4289457254564019       3825.1128853271503
-257.64325377931976       -0.48228336343326983     1                        0.9974056381749661       6651.318497187362
-150.1470086616068        -109.31511417052039      1                        0.9974056381749661       4103.423553511455
-355.24834546527643       99.16803968845254        1                        0.43310133268721607      5537.347707002371
-256.5121371168678        0.43183134004131946      1                        0.996760390750433        6123.708807505458
-149.84106521119827       -107.5655662249402       1                        0.996760390750433        3919.0310608828854
-100.15725395509338       -26.092718684720264      1                        0.996760390750433        4008.9792380585486
-54.910604749965536       31.3789433485316         1                        0.996760390750433        6547.6182812103025
-555.5951749040112        299.6252184199118        0.9999999999999999       0.0025017018378302143    1155.3161464231691
-456.59517490401123       200.62521841991165       0.9999999999999999       0.002501701837830214     3799.9921678235883
-456.59517490401123       398.62521841991173       0.9999999999999999       0.0025017018378302143    1672.1245391366112
-357.0395178465434        100.11831702566529       1                        0.42943569052905345      4413.817353956221
-357.7884165115932        100.5110992023847        1                        0.4282342604113333       3396.6450268812614
-357.59517490401123       101.62521841990905       0.9999999999999999       0.42733672658022154      3869.2985378979447
-457.2884165115932        200.0110992023873        1                        0.0012536042308489983    3521.2767496104652
-457.3681612336091        399.7455774843004        1                        6.774021514263913E-4     1338.1216130888156
-258.59517490401123       200.62521841991176       0.9999999999999999       0.9925017018378302       9145.475402320477
-257.5395178465434        199.618317025668         1                        0.9974550343485692       7553.644660395056
-256.5121371168678        197.9042480368639        1                        0.996760390750433        7294.878910611384
-557.5                    500                      1                        4.19927237478256E-4      815.3332832062382
-556.1836302487586        500                      1                        7.612868786150548E-4     712.2074817444853
-457.18227739347765       400.99864714471903       1                        7.612868786150548E-4     1129.2432181776232
-372.20611619269505       500                      1                        7.612868786150548E-4     988.8206080754445
-275.4251749040113        398.62521841991173       0.9999999999999999       0.0025017018378302143    3212.5714814075004
-276.00980166831374       400.99864714471903       1                        7.612868786150548E-4     1890.4388568428537
-275.28316123360923       399.7455774843004        1                        6.774021514263913E-4     2655.3691540058526
91.6259729300407          -399.63618679302203      1                        5.983594106092984E-4     1474.5701489786968
273.7109729300408         -399.63618679302203      1                        5.983594106092984E-4     546.8359981024865
273.2851765636827         -400.9992001566909       1                        4.5167218105492937E-4    369.9029910435505
275.4685757452485         -401.02812904091775      1                        1.4337463670099386E-4    318.3023075502144
187.7135168281956         -500                     1                        1.4337463670099386E-4    412.15465842312835
371.6362436938235         -500                     1                        1.4337463670099386E-4    160.58533003382317
128.35331664277382        -200.63618679302203      1                        5.983594106092984E-4     1647.553758235104
555.558970559451          -500                     1                        1.4337463670099386E-4    82.18794707076269
456.58709960036884        -401.02812904091775      1                        1.4337463670099386E-4    135.06106674978525
274.5572620987753         -399.76808917824343      1                        1.9053510825705236E-4    445.4714286773838
275.2555933063001         -399.8441269116423       1                        8.490971339615737E-5     341.82349828767815
457.3405933063            -399.8441269116423       1                        8.490971339615737E-5     154.93425087679992
557.5                     -300.58616643843663      0.9999999999999999       8.724311159146688E-5     112.8636941329438
458.499988712976          -399.5861777254605       0.9999999999999999       8.724311159146685E-5     138.34807043574367
557.5                     -498.5861890124845       0.9999999999999999       8.724311159146687E-5     94.74006058795851
557.5                     -500                     1                        5.252128868846246E-5     99.82556592854968
457.99999999999994        -400.49999999999994      1                        5.252128868846246E-5     133.4631872735327
256.79597293004065        -200.63618679302203      1                        5.983594106092984E-4     709.0117977079492
257.6422620987752         -200.76808917824349      1                        1.905351082570524E-4     638.1035950428834
-114.9379012239108        90.81805714400676        1                        0.996760390750433        4184.671763454479
124.95933283668232        -120.98993298023319      1                        0.007391562806379139     2292.66317619151
126.27747115365003        -199.07478277818862      1                        0.007391562806379139     2077.13676938403
123.90920333884675        -118.9164372033354       1                        0.010344880468609699     2742.7463406660936
8.298712501892297         -199.74296477417334      1                        0.0017500135945965995    10351.455229416233
91.41899127807422         -397.64839043174936      1                        0.0017500135945965995    1670.0130260609935
127.94432087978551        -199.74296477417334      1                        0.0017500135945965995    2202.1437868204425
126.61831578594884        -121.19209704600554      1                        0.0017500135945965995    2820.9496927722594
89.49466172024357         -45.97330615570904       1                        0.0017500135945965995    3774.027779923053
87.37334810485027         -44.888625986796455      1                        0.010344880468609699     4121.563804854879
-6.829273619179176        1.0990063485115888       0.9999999999999999       0.9794580241912518       47267.13248155148
7.696313142950142         -0.5576379740541415      0.9999999999999999       0.011085573382630505     45117.43459642246
87.15640887206106         -42.92152315521495       0.9999999999999999       0.011085573382630505     3937.0315583461766
88.59060211499664         37.630540336938196       0.9999999999999999       0.011085573382630505     3160.725420339775
7.696313142950142         66.3180270643867         0.9999999999999999       0.011085573382630505     35934.556874178335
88.90397057449658         -45.01170827886364       1                        0.003251550900827625     4443.504439920096
88.78781753987722         -44.12003520855407       0.9999999999999999       0.004055740845790815     4640.313256150079
7.260176326069299         67.91701303369433        0.9999999999999999       0.007119311960177566     42551.853357787855
-7.521955711520052        1.5461192879179593       0.9999999999999999       0.9925947811328012       33500.21156290489
-112.5871018337625        90.91668682734853        0.9999999999999999       0.9925947811328012       5022.139066365504
-52.67450325889654        31.59114705362589        0.9999999999999999       0.9925947811328012       8480.245681022976
-7.521955711520052        71.01596891572025        0.9999999999999999       0.9925947811328012       39057.268920508875
-256.8897843890311        199.9785449262949        1                        0.9973140773831423       6560.216253046339
-128.4471281017643        199.9785449262949        1                        0.9973140773831423       7109.710193339846
-114.2203755978614        92.06396959400227        1                        0.9973140773831423       4895.42452073259
-274.5101749040113        399.62521841991173       1                        0.0013327339819982893    2719.9883729581547
-257.5951749040112        200.62521841991176       1                        0.9963327339819983       8103.627399326683
-256.31233670758155       201.52314753104778       1                        0.9919522235365591       7773.037067546666
-273.1282253517124        399.35713157964466       1                        0.0027823032935744146    3240.078713217156
-128.6222743201717        201.52314753104778       1                        0.9919522235365591       7887.798885524351
-8.13978438903119         199.9785449262949        1                        0.9973140773831423       9662.399163514598
-9.019856646835468        201.52314753104778       1                        0.9919522235365591       7826.205661452803
-274.23305988723763       400.99814201612025       0.9999999999999999       0.0011042834560288479    2071.367764033809
-370.4298652282408        500                      0.9999999999999999       0.0011042834560288479    1015.3633723065675
-186.45141247486433       500                      0.9999999999999999       0.0011042834560288479    1572.5826491872158
-185.42182575683447       498.27412360394317       1                        0.0027823032935744146    1410.6555412546043
458.499988712976          -201.5861551514125       0.9999999999999999       8.724311159146687E-5     166.7048486562282
-92.11012994724618        399.35713157964466       1                        0.0027823032935744146    3485.074172607558
257.3463046415984         -199.9271034082726       1                        3.777394927125965E-4     681.4817875478908
128.90364835433158        -199.9271034082726       1                        3.777394927125965E-4     1372.129437575216
129.56589186554336        -198.97738464925803      1                        5.661593232534283E-4     1351.4870823952365
128.23964828572312        -120.41238931250405      1                        5.661593232534283E-4     1547.9290667339424
257.32503929264743        -198.97738464925803      1                        5.661593232534284E-4     650.4777570887799
357.7101939858865         -100.62426816246786      1                        0.019724167332705718     156.47795333677084
356.2955490629056         -100.00687487899981      1                        0.02006149626235452      158.70761220593974
258.2101939858865         -200.1242681624679       1                        1.2453073445624837E-4    554.4606939452393
275.12519398588665        -399.12426816246784      1                        1.2453073445624837E-4    425.0001749931412
457.2101939858865         -200.12426816246779      1                        1.2453073445624837E-4    265.1301400330272
457.2101939858865         -399.12426816246784      1                        1.2453073445624837E-4    173.2783930316849
557.5                     -100.93089193481808      1                        1.0677618326720153E-4    141.28617942708547
458.49996373512096        -199.93092819969684      1                        1.0677618326720151E-4    175.1206364525633
557.5                     -298.93096446457594      1                        1.0677618326720151E-4    116.60262314261284
457.6738831686232         -198.9106384399944       1                        1.5551551688205688E-4    272.7193442168749
556.5488899662753         -100.03563164234266      1                        1.5551551688205688E-4    134.33117322119602
358.79887637097124        -100.0356316423425       1                        0.019632040158926525     161.23890514370026
257.32503929264743        -1.036365108736438       1                        5.661593232534283E-4     714.8000906733859
-7.235807611686268        72.2133730836353         1                        0.9864426686640237       51112.50873555334
-7.235807611686268        197.93092756549632       1                        0.9864426686640239       34480.39103767439
7.422181706449362         197.93092756549632       1                        0.009243380788315124     43185.263528770636
7.422181706449362         69.140442730923          1                        0.009243380788315124     38819.63926256804
-125.39083334264197       197.93092756549632       1                        0.9864426686640239       4977.644472035588
-111.41859975912652       91.94696156938993        1                        0.9864426686640237       3841.6093660375673
89.9255753716977          -44.53294846370413       1                        6.728600040351515E-4     2907.6863161274705
257.0305480018613         -0.1530755440954736      1                        6.728600040351515E-4     752.1765734935975
127.25455275838989        -120.1677590679782       1                        6.728600040351515E-4     1732.4163900973458
125.3454572435569         114.01708538889774       1                        0.009243380788315124     2201.336299175743
8.571571224044284         67.8064987490597         0.9999999999999999       0.0023667964540332238    14979.365917497827
90.91772016853072         38.604139906178226       0.9999999999999999       0.0023667964540332238    3373.633020304386
255.0096791588928         0.5737632486712942       0.9999999999999999       0.0023667964540332238    542.4241710982687
89.4577865700197          -43.39364142548903       0.9999999999999999       0.0023667964540332238    3470.120767203818
127.52699522161424        113.07593373254592       0.9999999999999999       0.0023667964540332238    1888.9013710262043
-7.450723308030143        199.86836877355626       1                        0.9967525858818637       40741.84902236152
7.474276691969856         199.86836877355626       1                        0.0017525858818637058    31962.86764277214
-91.39888511777112        399.6694985735822        1                        0.0011919250921473177    12595.983323433054
-7.818885117771128        200.6694985735822        1                        0.9961919250921472       34989.077785312336
7.106114882228871         200.6694985735822        1                        0.0011919250921473177    38493.598467366915
-184.59842796529105       500                      1                        0.0010095422113361827    1549.2115986238098
-91.20678603051702        400.9982594331018        1                        0.0010095422113361827    2397.0435559270154
-0.6201934118052221       500                      1                        0.0010095422113361827    1073.9134915792067
457.6738831686232         -1.1606248446906027      1                        1.5551551688205688E-4    294.6417383684869
89.96639920690667         400.9982594331018        1                        0.0010095422113361827    1323.3298803673995
90.68611488222895         399.6694985735822        1                        0.0011919250921473177    2153.73928493475
91.05427669196993         398.86836877355626       1                        0.0017525858818637058    2144.818007602797
127.09019024717335        197.93092756549632       1                        0.009243380788315124     1816.2309477337922
129.32216378658777        199.86836877355626       1                        0.0017525858818637058    2525.128236845543
357.48534289128895        99.44718547110878        1                        0.02272262817114709      147.47081881083832
257.98534289128895        -0.05281452888860083     1                        1.809494217072157E-4     620.428155222235
357.48534289128895        -99.55281452889385       1                        0.01978058601995669      161.78588818708985
456.98534289128895        -0.05281452889391689     1                        1.809494217072157E-4     295.25491540477236
557.5                     99.0000482886788         0.9999999999999999       1.203456428689374E-4     148.95282219470673
458.49998792718935        3.621586819482719E-5     0.9999999999999999       1.203456428689374E-4     220.02319248341473
557.5                     -98.99997585694251       0.9999999999999999       1.203456428689374E-4     141.89229464094035
358.49999999999994        100.0000000000027        0.9999999999999999       0.022596178915017327     177.3470656663311
457.49999999999994        1.0000000000000135       0.9999999999999999       1.677749331625777E-4     307.82586744379955
556.5                     100.00000000000001       0.9999999999999999       1.677749331625777E-4     140.72491719501784
257.17799289756886        0.6950799652146593       1                        5.295619975882135E-4     768.1569953453478
128.49936484308947        114.25265895483365       1                        5.295619975882135E-4     1658.6056561139114
356.67799289756886        100.19507996521205       1                        0.023071240747028092     89.06817621740927
257.17799289756886        199.69507996520932       1                        5.295619975882135E-4     741.8159162194206
130.27587999218687        199.69507996520932       1                        5.295619975882135E-4     1741.499520194416
130.68266243995566        200.79747950109947       1                        7.241534779155991E-4     1841.1070075443422
256.9481749395532         200.79747950109947       1                        7.241534779155991E-4     760.8995628946069
92.60674498158114         398.7992023420298        1                        7.241534779155991E-4     1502.6769750208991
91.5267642551022          399.70560615288684       1                        6.446598561250622E-4     1302.1179737253644
92.02384546910966         401.0012866561199        1                        4.975413941960741E-4     1082.3391320195526
1.440022759459301         500                      1                        4.975413941960742E-4     1078.9978501446221
185.41263172350313        500                      1                        4.975413941960742E-4     482.46156003071775
457.49999999999994        199.0000000000001        0.9999999999999999       1.677749331625777E-4     294.8059111599506
273.19149088841027        401.0012866561199        1                        4.975413941960742E-4     470.8694164441575
273.7783213810324         398.7992023420298        1                        7.241534779155991E-4     705.6364845878976
357.6986445508937         100.59761464428733       1                        0.02267216640921175      150.75161774695056
258.1986445508937         200.0976146442846        1                        1.304876597718705E-4     648.5743204306139
275.11364455089387        399.0976146442846        1                        1.304876597718705E-4     463.40280166077173
457.1986445508937         200.09761464428473       1                        1.304876597718705E-4     277.27566195656055
557.5                     298.9311816533679        0.9999999999999999       1.1187455991211592E-4    123.24574306598814
458.4999638297643         199.9311454831325        0.9999999999999999       1.1187455991211592E-4    189.7300276205753
557.5                     100.93110931289677       0.9999999999999999       1.1187455991211593E-4    148.74404982065826
274.52368336800964        399.77147515262465       1                        2.1762451103541055E-4    467.4650206759529
457.1986445508937         399.0976146442846        1                        1.304876597718705E-4     185.04893314788208
275.4709714767598         400.9866853929123        1                        1.5134190841235425E-4    355.6208302591613
187.67916585847533        500                      1                        1.5134190841235425E-4    443.6662797019289
371.67890883664654        500                      1                        1.5134190841235425E-4    174.4523888971527
456.66533720773003        400.9866853929123        1                        1.5134190841235425E-4    143.36132982425707
555.6786518148177         500                      1                        1.5134190841235425E-4    88.2439902619347
557.5                     498.58625422341186       0.9999999999999999       9.25972899654864E-5      101.33465514415683
458.4999892808647         399.58624350427664       0.9999999999999999       9.25972899654864E-5      147.08109466462196
557.5                     300.5862327851413        0.9999999999999999       9.25972899654864E-5      119.24897222789757
458.4999892808647         201.58622206600634       0.9999999999999999       9.25972899654864E-5      178.68178277714122
275.25552203847826        399.85871916676797       1                        8.975754682334778E-5     382.37872965172056
457.34052203847807        399.85871916676797       1                        8.975754682334778E-5     163.57827202264016
557.5                     500                      1                        5.6092900459525694E-5    106.87224254087548
457.99999999999994        400.49999999999994       1                        5.6092900459525694E-5    141.36292385825476
